1036512308544065537
1045329516762030080
1045332021965283328
1045372802713284608
1045375602654470144
1045376628149215232
1045377223853633536
1045377571376967680
1045378154766848000
1045378819182358528
1045379625705033728
1045390789260365824
1045394592437231616
1045396701152858113
1045397084453527552
1045397308886548480
1045398272859201536
1045399520131960832
1045411638852038656
1045412599028805632
1045414549141172224
1045414653646360576
1045743334835204096
1050230116817596417
1061804069960876032
1074359443498983424
1117371973112225793
1117433512863371267
1119599284683530240
1119599477000691712
1119599626942914560
1119600133681840128
1119600266297450496
1119600422094876673
1119600625136885762
1120982666457829376
1127003726193909760
1129421674569490436
1135141940989693954
1140730916018376704
1157719126481068032
1176050103418703873
1180705244411355136
1192526202109480960
1205791568956985346
1208868414011273217
1219532476973899776
1221019395218116608
1225918363056009216
1230057549304672258
1242302421600284672
1284550314469797889
1284550315908497409
1284550317548371968
1284550321218428929
1284550323168837635
1301059786184761344
1304124104702820352
1306205472521891840
1323615834455994373
1334141244474322944
1337552237514592256
1347904335691264000
1348038219628101637
1350537426536706051
1351818847410655232
1354700439648874497
1356736682184245248
1359094473888825344
1363869103430139905
1373508208514449409
1381214794120855556
1383833545139838995
1387486442050392064
1387486443363213313
1387486446374821896
1392585619088416768
1395796121667002368
1395998601935876096
1396002943468376066
1396006826429140996
1396008197891051521
1398368575807639552
1399806927610081280
1400500272170864641
1401362897335296001
1401362898480365568
1401362899575050242
1401362902133526530
1401362903551209473
1401958452176441345
1403919112997273604
1403920237594963969
1403923764417490945
1403925956738256898
1403932209828876290
1403936729250222081
1403941590410829827
1404150468322811904
1410565641237581825
1410794039801221124
1410974310936764416
1412160116523094037
1412357516584013830
1417505161241669637
1417559902675816449
1417560506605346817
1418738161707098115
1418954197924462602
1419564064510984193
1419873294023602176
1422605437862432768
1425102793107558409
1430123948482629632
1432453612257652737
1437005534226419715
1444122524191756294
1444588037523058690
1445150755124506628
1445532190398300168
1446549042666868747
1446550076617371651
1446550366397599748
1446551245825708056
1446551634469924866
1448034489863712772
1449557864167710720
1454218120441249792
1457286010061078531
1460327925279076353
1460387482525179906
1462698415146610688
1464533337104601088
1467053671531700228
1467058327284822016
1467072355432374272
1468557103665188864
1469082638627573763
1469542773174931456
1469601149573603328
1469602649465139207
1471528330314797062
1471676883876016130
1471921408796205056
1472008562943668238
1472578839704489984
1472839037736177668
1472854454831501312
1474217267797782529
1474603227354054657
1475577131543384067
1475784023213547520
1475945517930713098
1475971369296928769
1476196865179885570
1476371244995911682
1476558047904473089
1476599716506861568
1476736406370197512
1476800784805339136
1476850153453600771
1476916884184387584
1476946087403347968
1476980724594987008
1477038877173035013
1477060373450792962
1477098613343866886
1477117022613884940
1477132251632742400
1477133960434102273
1477152822085001216
1477191849840459777
1477201229298110464
1477220110687358977
1477252012777656323
1477312240852287493
1477324326705766405
1477329238697074688
1477341054122831872
1477367503374401540
1477380948052295683
1477382683281924096
1477398341881323524
1477398833739010053
1477401765842767872
1477403213535932417
1477406434618920961
1477406951227023361
1477408755931176962
1477413985104261120
1477427546283122690
1477454312452231170
1477476390844841986
1477480304675672065
1477496006845550593
1477496236597030915
1477506095031717888
1477529508420988931
1477532780464508930
1477567943542194176
1477586270872379392
1477604923391066114
1477613421470396417
1477628888461332480
1477664821176897538
1477673339841748992
1477673345521004545
1477673355268530182
1477709571036643329
1477709572953436161
1477725534016655362
1477740624283639813
1477743218439516161
1477743489379184640
1477764743934795777
1477783046011203593
1477832152980987904
1477832825768341509
1477837552136568833
1477899080890085377
1477905842519228416
1477932107989143556
1477975716876759040
1477977979817021442
1477978052294594560
1477979830935298049
1477986514940354562
1477999774754394118
1478002099984211974
1478019537815617538
1478026474586349575
1478033618333282308
1478036044985643008
1478049647478333441
1478056234523705350
1478057426180055041
1478058813873799169
1478076796537118727
1478087686787325960
1478090673442025472
1478100263185657856
1478100264758525955
1478113386437087232
1478116547784810500
1478116625694048256
1478116635068223495
1478116637446397953
1478116642982879240
1478130312060104704
1478132320708222977
1478132905079717890
1478136094335987712
1478151543618945029
1478156427428462593
1478164092183449600
1478176582204157954
1478225512644423682
1478256133060108292
1478289076449165315
1478294851300970497
1478301633817759745
1478302434615197698
1478307952981254144
1478314179563966465
1478323038516957187
1478336247412269056
1478337075174854657
1478359308177915908
1478368009815306240
1478385475106881537
1478392776022798357
1478433170571894787
1478443473262899201
1478443475565641728
1478483959239491584
1478491381773520903
1478505901531095040
1478508285070352386
1478516153962188800
1478517332716703747
1478523917434294274
1478524107637641224
1478525951390724098
1478526609707585539
1478532504395005953
1478533933717463045
1478543963166580737
1478545047041843201
1478554264549015554
1478562029564985345
1478563738722648065
1478588192194392065
1478591609386188801
1478592192637636610
1478592253891280896
1478615154187067392
1478629426745249796
1478693507443294215
1478711468707045384
1478711469986304006
1478711471311757317
1478739951613263874
1478744380634800128
1478746520648400904
1478762274584211471
1478764251963699211
1478765421843124228
1478779835900178439
1478793373368602625
1478813737754763265
1478848008363991049
1478855901691924485
1478856876028837895
1478861061524578304
1478868438038704131
1478893189604036609
1478906221767929856
1478906949630672896
1478907704752099331
1478908057631428611
1478914578448666624
1478922163222573056
1478922770881064960
1478929655688269827
1478941046750859268
1478943390490402818
1478948710172307456
1478972133426757634
1478978214156460032
1479000525181911041
1479004541387685892
1479015732662865923
1479017477455499265
1479017627863302147
1479021775652470787
1479036996534390787
1479043387542151172
1479099520717889536
1479124132067483654
1479140965730369537
1479148277069086724
1479148511182553095
1479148926036955139
1479149283366486018
1479149401050210304
1479151146409287690
1479156107448836100
1479165985680670727
1479169898999779335
1479172716263526405
1479173610334048266
1479221391971033089
1479222240608718850
1479237128110239744
1479264184684531714
1479276767000989697
1479280970486272007
1479304553543573508
1479322544427585536
1479330297644654593
1479336278017536002
1479342753872060419
1479386647657689088
1479400808621957136
1479403857625378819
1479438905925640193
1479462977044627456
1479467384851218433
1479479807335301120
1479492446526447620
1479501986840018946
1479505631598030855
1479518197544067073
1479576082902704128
1479579410604822533
1479586047277289474
1479589697059966977
1479595972913102848
1479604205547495424
1479616233301417987
1479620663497277440
1479623737133744129
1479634551588540419
1479636974579306498
1479637131748380672
1479681745293176833
1479697499233271812
1479704395977674752
1479710435330998272
1479724180840988673
1479753063540080640
1479754176703827972
1479835415330930690
1479847147918999558
1479858953102180352
1479864291566268416
1479878745741791235
1479889639183994883
1479904585988907009
1479934567037517828
1479938748213121024
1479949236519129089
1479954279800709123
1479958383641858049
1479958384992403459
1479958600806248452
1479961035138338826
1479976962819039243
1479987370141237250
1479995847236415490
1479999563192680448
1480047929884696578
1480053524754939908
1480071986797633537
1480102813330026497
1480125601532952578
1480130984439861249
1480144516552216577
1480193019903107081
1480196097238654976
1480256560106549248
1480257781127077893
1480266008820690944
1480278962471415814
1480292017582362627
1480305300833927168
1480329840662577152
1480425443895431169
1480432107579052035
1480442576993808388
1480454347951644673
1480454792648474627
1480472824884117506
1480489312059805696
1480554270583709698
1480567648383549447
1480567692117610497
1480567707305234434
1480567726561189891
1480567728834555907
1480574038527418368
1480577524367335426
1480596421766176769
1480599091197448200
1480637602633961472
1480651004844470272
1480665024716804097
1480715850701316104
1480721023481925633
1480739461646348291
1480748930417655809
1480751085992038401
1480751661689630723
1480755875295989765
1480779523218149377
1480783929330356224
1480784704458665984
1480785684373856257
1480787268063440896
1480788990257254401
1480812374319931392
1480826802838908931
1480829399796576259
1480830624801951747
1480870569444720643
1480898454331305995
1480918577804890115
1480966143925964800
1480974587101806592
1480978085696655361
1480995187887251465
1481008466743332866
1481013683010813953
1481013800178487297
1481016506565771267
1481023533233086465
1481036418961059841
1481058584561688578
1481062886906777605
1481064586376024070
1481068977883426821
1481095013442498564
1481100279235989505
1481101004347113476
1481109115418120194
1481199167087251460
1481268042487283720
1481269231870267394
1481310800044253184
1481311659117449222
1481331448611151872
1481334858144231426
1481340451592409091
1481377789542649864
1481381038639177730
1481381049846403075
1481409910806097924
1481442488053284868
1481471320655536131
1481473773182533643
1481496120190967816
1481497693767991296
1481519684239650817
1481547263835275265
1481549557171425280
1481559071329521664
1481567782269595650
1481578778568847364
1481634554863501319
1481640712118562825
1481657753017978882
1481658911514054659
1481659563850059788
1481675660133347328
1481691146816393217
1481707008466247682
1481707011175821317
1481707013906350086
1481733222614683650
1481752310325952517
1481761944977788929
1481763762533195777
1481767853997150220
1481767893998223361
1481770722271760384
1481775065075097601
1481777477168951298
1481825691280756739
1481912711252520963
1481989909321818114
1481992836467892224
1482010766978998283
1482024270381436928
1482029815729430528
1482052895054995460
1482059440547254273
1482066166382309379
1482069977826009092
1482076011000913926
1482080650953998337
1482081376673349641
1482086641598885890
1482088269806551042
1482090732290781187
1482091554839973899
1482107781083709446
1482124712352354308
1482148303651233794
1482168029597339649
1482230324855726081
1482230784572653571
1482274952225116162
1482341147981000704
1482368351393382400
1482374914199883777
1482389836183089157
1482389841274933254
1482402105654657025
1482407057760395270
1482414137154191363
1482450560490291200
1482459824113827840
1482482052457025546
1482510523464052736
1482534955058139136
1482535237712478209
1482545844096225281
1482564620888035332
1482571445251100672
1482573608669044741
1482606587068170241
1482614959788150786
1482661631138091013
1482728746327150593
1482766655235055616
1482778401886781442
1482808307186384901
1482834159785676800
1482834935249784833
1482835064295768069
1482836814238998533
1482861030610976768
1482866370924916739
1482901977030098947
1482935374200844288
1482958035446542339
1482990946291785732
1483020783198916609
1483067173547429890
1483068616471941126
1483097542313365512
1483102936196648966
1483108896025845763
1483109006356930564
1483112410588319747
1483131502410018821
1483149805601894401
1483150205230927875
1483151226875305984
1483167936626020357
1483177818079240192
1483194626425204743
1483197330409070593
1483204907322986496
1483205760813252609
1483206110769152000
1483246718187896832
1483247626384740352
1483298492017635333
1483309499943649285
1483333383983882240
1483418498944671746
1483453375631048714
1483466369777774598
1483494831376646148
1483521588876222480
1483530623474147331
1483560311059738624
1483573045344096257
1483573572136161280
1483589397572628483
1483593633718808578
1483624382111129600
1483634409366593547
1483635507775131648
1483636898782490630
1483677829351018497
1483680703908823040
1483694049605591041
1483734102922698754
1483754075548233729
1483756762675224576
1483761747169353729
1483771168251428866
1483777405550530560
1483812803983155200
1483843083640975360
1483844134506942466
1483852390440652801
1483868963725615106
1483873378637213697
1483883915748286468
1483890678425923584
1483908783969607682
1483922169516236800
1483926478299537413
1483948711138918403
1483958006828384258
1484006445746200579
1484008770804105217
1484013191101362176
1484017795008708611
1484086964303417346
1484108215688302593
1484137376943329280
1484166342223687680
1484209549087330304
1484227054841311239
1484242361924345859
1484243954841399297
1484262971589431296
1484272373037686784
1484276401733652483
1484276906287673344
1484304724807815171
1484317987691966466
1484320643810152450
1484346922273951746
1484438924789710849
1484444479176294402
1484450605229768709
1484451369046183937
1484485407496626178
1484490681909403650
1484493344877445120
1484498066615029764
1484530204110376964
1484542840252379137
1484556388139417602
1484563091383799810
1484569111157874688
1484577237659750401
1484579685635870727
1484582335416881153
1484583551056199693
1484621511982043140
1484622603792916481
1484652645155762177
1484663146123960321
1484667197490593792
1484669414754889728
1484699196787916800
1484723519678455808
1484763371232632834
1484776019059875844
1484776022151086080
1484779761549602816
1484857445008789505
1484875584463413250
1484924776598708227
1484929642243182593
1484930894406336516
1484935585005555716
1484953399581974535
1484962984145399809
1484970690272976896
1484971603867881479
1484980185153814535
1484994503224311809
1485009378906357762
1485018481036775430
1485035627318026240
1485037628999278592
1485055488488316930
1485060556478631942
1485063859115380736
1485075190086356992
1485075630685179905
1485076960283926530
1485182623702032385
1485208395728973825
1485229212378279940
1485233981532807171
1485264671817019401
1485273668443848710
1485274004701208583
1485292718851072003
1485303239356698633
1485310469451792388
1485341325272756228
1485341714256703494
1485372621663490054
1485378659485728769
1485383747600101384
1485387344400289792
1485387617760088064
1485389669734957057
1485393136100974593
1485406665356677121
1485409207658582017
1485463552404066306
1485465513908404225
1485497789895233536
1485565113763450881
1485627492824190979
1485628010522759169
1485648963814494212
1485662767138983948
1485667959921987584
1485674095945695238
1485677295880781831
1485699139526668298
1485711194019274761
1485733126114447367
1485738461592182790
1485745932448591875
1485787917717061633
1485799595208851456
1485806962923417600
1485808570654670848
1485824755475308544
1485831808189091843
1485840742631165955
1485874446653132804
1485875049454538752
1485897268070948866
1485898367683158016
1485908285052096512
1485908870643941376
1485914980545593344
1485921458564046848
1485936737507426304
1485968743880695813
1485996261723586560
1486002123280199684
1486011932888997891
1486013101258330113
1486022679366758401
1486027552573558792
1486042072117354497
1486042158159343619
1486050679479230470
1486052529544871945
1486054886533844994
1486058029103693824
1486060573582401539
1486061519662194698
1486072158585454596
1486073398925139974
1486114355640868872
1486133489413935106
1486155102922493953
1486202502424907777
1486239077825449987
1486259372829601794
1486312963950714880
1486318873771184135
1486323517293740033
1486326307034218501
1486363262639906819
1486376470859628558
1486400908510461954
1486422179566833671
1486435163244486658
1486466722378903557
1486468645836386306
1486468649216970757
1486468650424946691
1486468651662282753
1486472944519979014
1486479073375559682
1486484364661645314
1486504990130774016
1486554547019419648
1486555900810694658
1486568956164857863
1486608191173582849
1486613915433779200
1486625033694941189
1486640276861079554
1486655796008165376
1486660584137449473
1486671149324914698
1486685160456216582
1486695684568985606
1486703266830368772
1486705079969271810
1486716399569358865
1486738465144377346
1486750386614644742
1486762802324848647
1486770004796362752
1486770070189535236
1486780227242147845
1486781839192776706
1486793100228014080
1486803358258192386
1486812029671206913
1486819972290646016
1486835895454076934
1486842581824651265
1486855519600103430
1486887858304688128
1486900006426603520
1486918809483055107
1486927429239128064
1486930509037182978
1486946060090032129
1486946313866727424
1486962149050417152
1486977197243920384
1487010401913085954
1487012114548117509
1487017938980847619
1487021384823820288
1487030947958558728
1487045895996813315
1487058070912081920
1487058340073160708
1487085879071952902
1487092530130960384
1487095755089530880
1487102172798099456
1487112728472743937
1487112730687381505
1487133268256473092
1487135061740773378
1487135468793831425
1487138825176498179
1487152480601452546
1487174536697200641
1487201964911849472
1487214441099710464
1487234332573978624
1487239170846248968
1487246028839563264
1487249568823709704
1487281240801693698
1487325352871723009
1487341846980599808
1487397245335052292
1487407441037963264
1487410940362510340
1487430323579547649
1487430846814601221
1487435011590696963
1487452350914646022
1487463002064359424
1487470596653031426
1487480208643039238
1487485698756300804
1487492231367901186
1487492319465066500
1487495950000082945
1487513184135045121
1487516298925862912
1487524195026104325
1487539582640050178
1487549353237483520
1487552527206064130
1487553848294412288
1487555354263457792
1487555805197275137
1487556205799424001
1487558710880702466
1487559126745972737
1487609231574323201
1487680110224232448
1487702193012719618
1487731296470462464
1487782735536173059
1487794960695017476
1487795606726885385
1487814548560166922
1487835789576654850
1487843779839205383
1487849487250837505
1487858660755783683
1487875663604457473
1487875940818563078
1487876091964534792
1487876399985799170
1487885144727900161
1487885759885586433
1487895549802070021
1487902361959997449
1487903545739337732
1487907327030272005
1487908483064160261
1487993992935448577
1488027894676811776
1488060251412647937
1488061346344312833
1488104919383121922
1488106309144698884
1488124633127833602
1488161463285989381
1488168808011288579
1488176595382722567
1488179012337913860
1488188935352295431
1488200463199653888
1488205919334903808
1488206599722258436
1488206613605408768
1488207422699175937
1488208083679600643
1488236466845061123
1488254509809819657
1488260492657311747
1488262785507209220
1488276603742613509
1488286992341159936
1488320164517101574
1488339596278898691
1488353358373031940
1488373179609645056
1488386434616766465
1488400402441596928
1488407592632307712
1488427323787468803
1488448434419941377
1488474953368416262
1488481002322333703
1488483608679661579
1488500596495818754
1488517947161260038
1488527475407740937
1488574196527550473
1488581359580946439
1488582480076623873
1488583058517151745
1488583059930693632
1488583060958310400
1488585409386860544
1488587973780193280
1488640845960122368
1488647072270241793
1488677874332991488
1488677920453406723
1488679010582372353
1488705919441592322
1488729290397024257
1488730744293928960
1488745059516567553
1488799381138681856
1488801058218549248
1488801795480633346
1488816918161203201
1488831734003216394
1488843005591175170
1488843268985171970
1488855002332516352
1488870913474973697
1488870943762042885
1488870946496778249
1488870964653965316
1488870966457421826
1488870967740874752
1488870968865038336
1488870970010095619
1488876762238967810
1488879779981975557
1488922488427929607
1488939656016244740
1488947229784170498
1488951270761242634
1488954578871664646
1488963624282607618
1488964300526043140
1488984661808271365
1488987681698852874
1488998144666861572
1489006852742524933
1489006860476821512
1489006870996082692
1489010901571178496
1489027422800519172
1489047513474686977
1489047821714001922
1489047823387557888
1489047824834576385
1489047826327695366
1489047827724472320
1489061643246047236
1489081908340219911
1489091292516679682
1489156251741208577
1489156276147863556
1489162545478787079
1489205346124054533
1489205357620703241
1489205431960580096
1489205572733911040
1489211214551031809
1489211221576404993
1489216980032888842
1489217595802849291
1489217634059132934
1489228635097681925
1489260743983652867
1489278357728493578
1489296555362320384
1489307008687820804
1489313228844933131
1489360957960769536
1489374638492700672
1489383202833985536
1489386820987232258
1489388230877265926
1489404681180880907
1489406589656342531
1489410422172262404
1489413468214026245
1489422993885335552
1489426571249209345
1489476895771033600
1489483916956291072
1489502228658495488
1489503214546341889
1489520793587531777
1489570496299601923
1489590477628354561
1489594773807763457
1489607906601406469
1489609707941732353
1489611969078378500
1489615864303390723
1489616551884034051
1489620302141218819
1489620875708096512
1489623838438604810
1489623867408666635
1489623990821871620
1489624460680384512
1489633269675134979
1489639891784904707
1489647602773671942
1489649204137971716
1489650544193028097
1489653674460827648
1489654086941171714
1489656110567116810
1489676150716571655
1489682364653522949
1489691384139370498
1489697560038195202
1489720262102761474
1489720450565525515
1489720907027390465
1489721153371492352
1489723454022639626
1489725207988391952
1489725546686660610
1489737222165250051
1489737226372141063
1489737228116967425
1489737229773721601
1489737233271824384
1489737234991435783
1489737236606296067
1489737238397214724
1489737240024596481
1489737241840783368
1489737243371712520
1489737250808242176
1489737252481679365
1489737254331428864
1489737955321151495
1489742605105594368
1489743514078310402
1489745029258256388
1489751602063978497
1489752875987517440
1489769077199433728
1489889299571134467
1489922368726315016
1489922998601666568
1489977285872701446
1489989710755860480
1490013274569592833
1490033056341803009
1490046245716566019
1490050311460896768
1490055703783956489
1490055718636036101
1490061842302980099
1490082644750704648
1490082647326011396
1490083709806313472
1490085569761886208
1490093339428802564
1490097010757623809
1490101606880366600
1490117539707379713
1490119752219783168
1490124412254769152
1490139314130464768
1490144041681371137
1490169626784776192
1490221362459422721
1490233137678401546
1490245466449195011
1490277328508882945
1490280355697414146
1490285472853245954
1490295075712217090
1490307252393332736
1490310558301626372
1490334002401660928
1490349480016855044
1490366127289028610
1490368366002905090
1490369153940668418
1490369426985828355
1490386261911212035
1490402746150920193
1490416301034061824
1490418107835465737
1490425315696521225
1490433001896955905
1490446967184367616
1490460401087123459
1490473270373756932
1490477846065786887
1490484049776820229
1490487280208916485
1490656293677322243
1490675522275188739
1490675748717613056
1490679411917524995
1490680900857647106
1490684900063821834
1490711681567117319
1490713201620750341
1490722344477802503
1490733689315020804
1490747503402123265
1490752374457217032
1490754879165501453
1490772890735845376
1490780234744012803
1490816422561288193
1490818660138635265
1490827615048929281
1490842128641302529
1490847821503033344
1490860717163311105
1490860941915074561
1490861207649386499
1490863914154065920
1490896903755931648
1490905308947955713
1490924983786553346
1490927897494056960
1490931250302836749
1490939518802960384
1490964780894814213
1490987385701933059
1491015366143021057
1491037147251757058
1491052346138185731
1491064830497017856
1491072075800317955
1491085048875216897
1491135526304645122
1491146429498523648
1491167578328543232
1491168971152044033
1491170407151730690
1491178909454327809
1491199470201376768
1491237617085861888
1491238430638219268
1491255166313844741
1491269866061373440
1491307272697352193
1491309163129237504
1491313117938483200
1491313417466036226
1491315438168702976
1491317430001762304
1491318010610880514
1491359612473581570
1491380162243739652
1491383708972363779
1491391416475418628
1491396552220622850
1491406782417231873
1491410986125099013
1491414785170472961
1491415200352055297
1491436363165892610
1491444970896896003
1491445299725930507
1491468010024054788
1491474151114166273
1491474636734963717
1491481421080375303
1491487644446085142
1491493182378586113
1491500515733254145
1491507701251117056
1491508819616141312
1491514832171855875
1491534990357635072
1491563907697102850
1491566343363051522
1491580706421547009
1491595237562544129
1491606299343147008
1491619118918815745
1491626231963475972
1491638242902347779
1491640966247174145
1491678193215963136
1491715124758990850
1491723356315529217
1491741685407416325
1491812715878359041
1491828495084929024
1491831327372595201
1491832413785190402
1491835108734689283
1491844762961428489
1491845617097842696
1491857390966386689
1491859272606502919
1491863764316004352
1491863765804990467
1491863767021338630
1491863768225103872
1491886401612300289
1491897317494042626
1491898521183825923
1491901070938755072
1491921150372421637
1491937551594049538
1491945475854979073
1491966891618828288
1491994991400529923
1492025864401612801
1492043410005495808
1492056501044887553
1492061344178139136
1492065732707991552
1492122070792253440
1492125918734790658
1492127311809982467
1492127331393101824
1492136720854405120
1492138968409853952
1492138974307131394
1492138981588635648
1492138990195122176
1492139005235900426
1492139008876498949
1492151355531661313
1492153455661793281
1492185984636698638
1492200364002603008
1492215613787365384
1492222684897419265
1492224151255490568
1492228294762242048
1492228614892490752
1492234328759222280
1492235105422745603
1492239820009373696
1492240015778320385
1492259680474648577
1492264602847301632
1492274782817058818
1492276589433962503
1492276590964838402
1492276592193769477
1492287336150876162
1492327682427977730
1492339522633285632
1492348620112232449
1492374699598221312
1492376992679104515
1492383217596264449
1492417089297993732
1492444580901531648
1492475099110416389
1492493310161604619
1492506794840711175
1492535286680674315
1492550572410642435
1492551352140009472
1492557047577161732
1492571134352576516
1492572798589538304
1492595196948742150
1492602718745395200
1492608960448405506
1492610175487791107
1492624129178144774
1492626062748139520
1492633451861708800
1492634442137206784
1492636975408590849
1492649723341250560
1492649778873729024
1492664934303350784
1492679302684442626
1492698790637285379
1492721249214087169
1492733525312823300
1492755605555195905
1492775894888628235
1492784012733161477
1492791528846245889
1492810277007593472
1492817084371320835
1492853306871492612
1492853309358678016
1492854959779553288
1492859872446144515
1492883685879734276
1492909321440710657
1492915226135695364
1492919702833745929
1492939876131651588
1492978712224038913
1492982705818152979
1492989783794233368
1492990873386491904
1492995021422968836
1492995042851577857
1493002821809156099
1493004376772083713
1493032894679375874
1493074501197869057
1493093814139039744
1493132165651255298
1493132175138750466
1493142842163986432
1493168875013550088
1493218674802573315
1493226378111725569
1493235247923798019
1493246430902988807
1493260226732212226
1493270928490438660
1493272575190847491
1493302618151550979
1493340746153627649
1493343141025484802
1493343587303624708
1493343722540515335
1493343831726690311
1493344189387530242
1493344283616845831
1493344418677592072
1493344680309923840
1493344903719538688
1493345117129916417
1493369306335236099
1493369311380992000
1493371690608312323
1493393587354099715
1493400670921125891
1493403347851755523
1493430173882109954
1493455344302919681
1493463263861829637
1493476659642904576
1493518333714612225
1493535986009128962
1493591754695712774
1493598170785402887
1493602077129560072
1493607244776235018
1493613550983655426
1493613669166555137
1493626709748367360
1493631810672148490
1493632450165198851
1493661581518901248
1493667176385028100
1493673840018280450
1493675044727308293
1493693975982661634
1493710655454683137
1493719487631306774
1493719507252264966
1493719537656774657
1493733806401933314
1493736497610203136
1493752073053253632
1493763559855063046
1493767843946512391
1493775389868580864
1493784823151796226
1493806746908782594
1493809346580402180
1493810010068951041
1493813740202074114
1493829571195674624
1493838472678838275
1493848324503646209
1493859771581091841
1493860015890964483
1493873276808216576
1493876595370885120
1493878170499440641
1493879577030139916
1493885500523958272
1493897476503449602
1493902270454448136
1493908785865555969
1493957596012810242
1493959262900473861
1493963285850247172
1494000047125667840
1494004297968848897
1494007900838129668
1494021401547784200
1494037371112853511
1494050776335130624
1494068484166324231
1494073560620429313
1494103948663431169
1494110999430852609
1494112616154910729
1494124210167246851
1494179802961506306
1494191718672973828
1494211159813148672
1494227192699658245
1494227407510945793
1494239698415497220
1494256272463384576
1494257165262999552
1494259170073542657
1494296437466697731
1494296884982202371
1494309288604491777
1494309413422780420
1494332729596334089
1494341303865266189
1494348677355212801
1494353735753027591
1494354011419557890
1494356849201721349
1494361644562063364
1494364390837178369
1494377052899844099
1494389334237188100
1494391156079214595
1494393514943152128
1494414057473986566
1494414678293987332
1494429724713500689
1494431864525893634
1494440067355459612
1494443711509704709
1494456818474565638
1494463787457519622
1494501996551757826
1494504860846215168
1494524934105841664
1494551873533394944
1494632653483659267
1494650144331120643
1494657845379407873
1494669928510722052
1494694148250734598
1494700773560619013
1494704326555668480
1494721217584115718
1494721554000789514
1494724731639115777
1494732138423283712
1494751585091702789
1494760456891809793
1494772208035524616
1494777630930915328
1494778883744407560
1494779267300868097
1494784859352576000
1494794204308029441
1494796573959725057
1494802822004678657
1494804297061650441
1494804317035020288
1494804324215631875
1494804331115298826
1494804338891440128
1494804346856521730
1494804354360090630
1494812936572919808
1494812964108525572
1494812966839099394
1494812975747801093
1494812988091547656
1494812990897635333
1494822869246922754
1494847161686704130
1494865244472053761
1494889232023883779
1494898885386399745
1494904275536945152
1494954511827451906
1494972260410695681
1494984758677417987
1494993335852933124
1494993967989104641
1494997041050787850
1495000010953531393
1495008100084064258
1495015913715871744
1495027586057056265
1495043887278211081
1495044684837634050
1495055196179013635
1495063448467775493
1495072845885415425
1495078657597054984
1495118844230262785
1495149059547582466
1495149969602449412
1495152861327548417
1495153117062516737
1495153369538723843
1495158893349007361
1495162967213875200
1495166099532357632
1495183585053011972
1495195966408126465
1495196327265071104
1495197144780734464
1495207889836859393
1495210442301579264
1495227006186831875
1495238272716447744
1495248561209962496
1495260875426574336
1495282968323141632
1495296828761587714
1495297440970248197
1495302817371889667
1495307139643887619
1495324649797922821
1495345184447545345
1495346082854977537
1495365958390722561
1495369961421815808
1495387845044887560
1495395331558850563
1495408468475453442
1495419805133910028
1495423665512620044
1495438927884619779
1495472037438967808
1495477118381309962
1495480718973186052
1495486851561541634
1495487839437574145
1495488157848113152
1495488291801485313
1495496436787654664
1495498512163020801
1495521491923963904
1495525471286669314
1495547262084300801
1495603178376941569
1495611629794652162
1495656917556989952
1495659154362540032
1495684042028720128
1495685450027175937
1495685904798826500
1495694937903570947
1495699112544641027
1495714152274444288
1495717657932447744
1495723675248648194
1495733077259296768
1495739648848674820
1495741048269815812
1495748663477522432
1495784913408172033
1495804717594730508
1495809455467937793
1495813548110487555
1495823387289133058
1495836278910291969
1495840621218738182
1495842110360395776
1495843864103501828
1495844912767635462
1495845449957355527
1495854912688857092
1495855296346042370
1495857712399269897
1495874365518680064
1495877460944203777
1495880858540167168
1495881727771910150
1495883141696962567
1495888365866168323
1495890227113893891
1495902022486401036
1495907041352851458
1495908445236736001
1495922668482277381
1495923015648960515
1495928072981389314
1495941324415119360
1495951496491507717
1495957924514242560
1495991609653350402
1495998518389272576
1496001432646197249
1496006983430062080
1496011058674384898
1496013266858147842
1496021256889839618
1496047631969234944
1496057817853313027
1496067620084363265
1496069828418936835
1496072550215995399
1496073455040712710
1496081177664495619
1496088344945729543
1496095803286646784
1496096138180673541
1496106396991082515
1496148909609177094
1496175491220451337
1496185795182567425
1496186810069917701
1496196187736907776
1496197851902271488
1496197864795426816
1496202661196140549
1496203693854965760
1496207039474933761
1496209955745116169
1496223795534774281
1496225014634672128
1496241393018327044
1496244856078929924
1496273532162125832
1496293367516635138
1496296393941655553
1496302694088257539
1496327528960737283
1496329120061734912
1496332443816763392
1496377622745464834
1496381865346879489
1496385918349062150
1496396492101361667
1496414557539115012
1496430105282977798
1496458890321580036
1496462029531623433
1496462543069622277
1496465429509951493
1496490798149513220
1496500067896905734
1496505261489594372
1496532833237676052
1496548513815138304
1496548686779846659
1496552106089660422
1496555979697176576
1496563938711977987
1496563941505486848
1496569734980063235
1496569801061576704
1496570838237294596
1496571476035743753
1496572024977772550
1496587959881113600
1496590209202352129
1496605279085072391
1496605741586829314
1496627589494218752
1496648372614320140
1496680108396281860
1496684873934848001
1496686282592120845
1496687930986881024
1496689003193454593
1496692268085956610
1496693858067001345
1496703839206006787
1496711575742586885
1496720590564175874
1496721172427251715
1496727690157588483
1496737160111689728
1496740238974234626
1496741198417080325
1496741648759357441
1496771103481495552
1496774071882862593
1496781537555226624
1496786734721695748
1496788165390049285
1496794792893849606
1496797627043950592
1496809279667544072
1496822923151216646
1496830477294051333
1496830739035439109
1496840460802920450
1496843167404273668
1496853668905336846
1496863098153668614
1496864767490863111
1496871759110455297
1496874325693054983
1496874920436899841
1496880228207296513
1496888040031145984
1496889626698649611
1496890374090018831
1496890818363277321
1496895147237584897
1496900368344797184
1496903282140364808
1496904650892718094
1496912168113037316
1496929322837458956
1496935254396919809
1496935443870498822
1496935593598758913
1496935720522559501
1496935820858642434
1496936035158315011
1496938386342490117
1496938864128237573
1496939496340082688
1496939909327773707
1496940022758445062
1496940105986195461
1496940329752469504
1496946517801934852
1496946533568290823
1496953525120937987
1496955239211098112
1496962288716500997
1496968324260843524
1496968389343932427
1496978425176899584
1497037407417294848
1497043044440621060
1497049033486917635
1497051629509484547
1497068857411792897
1497071821715546112
1497072514723618820
1497078501698007043
1497079827869880325
1497080017951543318
1497084857029120007
1497112610789023750
1497121610813382659
1497123298253103134
1497124452357791760
1497140498850451456
1497170756765040642
1497183077323481091
1497188649577816075
1497202227177525253
1497217659519254570
1497221227517145095
1497221639083278363
1497225189867851777
1497242265521119237
1497255896681963522
1497256257937453066
1497264543428448260
1497270474081902596
1497271811762884609
1497280672507080707
1497281766863822858
1497282191243366402
1497310599205687298
1497315650179674115
1497319208517988357
1497321994618130439
1497327591602143237
1497333845456134146
1497334279541379075
1497336688128847874
1497337069437341702
1497341058270871557
1497350710081376258
1497353229130100736
1497353353113874433
1497368062655225862
1497369323845091328
1497372655535677440
1497379316186951681
1497414866088329218
1497423317363396610
1497434321401311233
1497442018053787650
1497444981392375809
1497447541952024577
1497452532343394304
1497455578867666945
1497456125431717888
1497457850557157378
1497463617767227395
1497484670631653380
1497486781331116032
1497490010249043971
1497493738901610497
1497504011494166533
1497519061554630658
1497523621652316160
1497537193346220038
1497537201403580421
1497537205128122369
1497537218092666881
1497544639246704641
1497551608548413444
1497555898033741824
1497557278886703112
1497559869926232064
1497563601371942914
1497565407980494848
1497567669410746368
1497572598791692291
1497576414475870214
1497604116775849990
1497606018678890503
1497606162866442251
1497607887916568583
1497609358003294213
1497610077695614977
1497614510558900227
1497617793424011264
1497621127996260358
1497631672732372997
1497638155712880643
1497641136856444928
1497646742434729988
1497653455246303233
1497655383552401415
1497656048022401029
1497657044035321857
1497657189262970885
1497670938720182277
1497678663046905863
1497680417301819392
1497682599107608576
1497684631486926857
1497687885637693444
1497688026117554184
1497702084061323264
1497702375468847105
1497704245541617668
1497705896008376325
1497707870300819456
1497708123536216066
1497708845984063493
1497709323186843648
1497709962415456257
1497710896071667716
1497711775780802562
1497712844628008960
1497713340986146825
1497713523144671238
1497713956764405767
1497714872003538944
1497716405734502402
1497722873762529280
1497741379216506880
1497743290740838400
1497747790155464708
1497751797389307904
1497752584215482369
1497767577921146880
1497778526619058178
1497782692557078528
1497792502501363712
1497800989814005761
1497808547954020352
1497824043680288768
1497832823310663681
1497837581127405571
1497838613106552833
1497840126054920192
1497840669066502145
1497842394913402880
1497848649073795073
1497849002510925824
1497866275317587971
1497892443777290242
1497892538430201856
1497892891406000134
1497892917515538436
1497897186683768833
1497901075520757762
1497901477133697025
1497910589082980354
1497915810446286850
1497919359834013696
1497921582211244040
1497922960740524037
1497923960888909825
1497932099071971328
1497932791094390785
1497936731655393282
1497938091071492101
1497939940373676033
1497940035877937162
1497940128836300808
1497940365147525122
1497940630860873730
1497940855453364227
1497948601242337284
1497952062562349062
1497971293479702529
1497974788123500544
1497976881320116226
1497987489939681283
1498003823549419531
1498005597488398343
1498006194639699969
1498015898816647168
1498023227842445315
1498023992191561738
1498030714654273548
1498038458408919048
1498047538586427392
1498077404434243591
1498099094551941123
1498106413515636738
1498129574739292161
1498150429275918339
1498185010406649861
1498197281144725505
1498199013983756289
1498206856539525121
1498208135823208453
1498210146841141256
1498210229204537349
1498210578795757569
1498226510460825601
1498229406409449472
1498242095945064451
1498251646157086720
1498259606266593281
1498266613002424325
1498273292674818052
1498279530380902409
1498281107426525190
1498281651176099842
1498283511626797058
1498291831070760964
1498299669977387011
1498300862552227850
1498307239593009158
1498318397137997824
1498321793181966344
1498322532386357248
1498323628303265793
1498326770864504840
1498327455970512898
1498328381192118274
1498330905881939971
1498355470188392451
1498355559606673414
1498372573200977921
1498382174768222210
1498391127447191560
1498391128554582021
1498393339804233736
1498394969870061568
1498404169635573760
1498447616769953793
1498449647353962503
1498463612511600643
1498524264198193153
1498537189134774272
1498555888394813441
1498565048851218432
1498602555919814657
1498611314163433474
1498611486243135490
1498616454760976384
1498619523045511168
1498620749933948931
1498631983941001217
1498636201288519685
1498637661610790915
1498638073093140490
1498662314354036744
1498664358955651077
1498669059201810434
1498679504553848837
1498679506521010176
1498681820833005575
1498699436087975936
1498700564988895235
1498700617803452424
1498701510615654401
1498701512750641154
1498705809638715392
1498712034644537344
1498717134289084421
1498725575770451975
1498726703589478408
1498730121317990406
1498731732593528837
1498732480156819458
1498742296375877638
1498744859066175488
1498745095541170177
1498745765690331147
1498754100615426049
1498758059048513547
1498764824490221570
1498765226442952709
1498767176056152064
1498770380231639042
1498771346507063303
1498794963533918209
1498839013234458636
1498843132091318273
1498847569547612164
1498854138460966917
1498856541478338565
1498862444097282052
1498863155321180162
1498863778867597312
1498864906388582404
1498876753854541824
1498876756991881216
1498882464424419331
1498882870672183296
1498883118572339200
1498883299497758723
1498883422353125377
1498883554280759300
1498884553057832963
1498910104950915073
1498929939298799616
1498934717432963074
1498959395648327680
1498965120449499136
1498965125423845381
1498965135020462083
1498970436654276614
1498976431853944839
1498999267679162368
1498999569824292869
1499002265704845313
1499012600826322946
1499042961358659586
1499047978543292421
1499054000825638917
1499069775124869125
1499070070080876545
1499070592317857795
1499071432873160704
1499074963533443082
1499079053097189377
1499085437956243460
1499111313666101251
1499112608623992837
1499120348977053700
1499123734501810179
1499125593216016385
1499139412931846144
1499150024361586701
1499156275682287622
1499169653456834560
1499221471075438593
1499239608835399680
1499268974605119491
1499277324386435073
1499300485035089920
1499302456492232704
1499308243729985538
1499311462010994689
1499315105875562503
1499322931536531467
1499326877848244228
1499330027573456901
1499330603120054273
1499331193539633156
1499339115682308096
1499339176105451523
1499341306891546631
1499364887595782149
1499365160493985807
1499367633229074438
1499369999273652224
1499382681829793797
1499416529380728833
1499417399833018372
1499430028320387083
1499433049234288647
1499442168699760643
1499447578554998803
1499452851512295425
1499455984875581441
1499475425424289793
1499485740534677511
1499492355195301912
1499492357154041872
1499494359846297604
1499516052774039552
1499522818320441344
1499523474607329294
1499523519168000001
1499523644522778644
1499545060613885954
1499553490288328705
1499564496805072896
1499569349639618562
1499569682952732672
1499572287212769303
1499577264358543361
1499585220001304576
1499593405755654144
1499605957248430080
1499622531451568130
1499630194495307776
1499636475759308800
1499661934823714819
1499665239394168833
1499677167189479428
1499689415819599873
1499693179255152640
1499693838671118336
1499702880248475649
1499716111188860928
1499731599247691779
1499731683452624902
1499732530005782529
1499762499519926284
1499765253835472904
1499768738413006857
1499769609066582019
1499773693203038208
1499790452538720257
1499793397141450754
1499803974593093633
1499816010404220940
1499821220686086151
1499821754155515915
1499822944998019072
1499827930834165760
1499828107401785345
1499845410172674048
1499894154528280576
1499894672335986698
1499900267394859014
1499900974391046147
1499928526551724033
1499931981903138818
1499935547350999041
1499936112822951943
1499942540577026050
1499968263505457157
1499999317892861954
1500009189782933509
1500021038771576832
1500029321137864707
1500030335886766086
1500041816712032259
1500042777203441665
1500044344778444803
1500045518633902084
1500048360606429188
1500050432093470720
1500051729349738498
1500069359393415173
1500078019192496129
1500083135605788677
1500100404272631812
1500117584515112962
1500123438513627139
1500126041154666500
1500135816298905602
1500138808695738371
1500141415933829122
1500143295300837376
1500157693453287424
1500168444628684800
1500172370857897984
1500184023527833615
1500187342690299909
1500193796469972996
1500193873238188032
1500193994659139584
1500201296225308673
1500203488764207116
1500207424904605702
1500210525493362688
1500212167877881857
1500224348044824577
1500225607346667524
1500235873274580994
1500237110418108419
1500237622706323463
1500238210542178304
1500238558384336905
1500239745728663555
1500245692081750018
1500254279340277764
1500268816017747970
1500293165613527040
1500320130915442688
1500329575385305090
1500386289723449345
1500387789220712452
1500414108579078144
1500424598566936576
1500424604069810183
1500424608532602884
1500430620211752962
1500441922187497479
1500453673721286656
1500463871605325828
1500465263313104902
1500466787237908483
1500466972466851846
1500475785743941632
1500475906099400709
1500486868416225284
1500501460093648904
1500524020302761991
1500524709716312064
1500527669687029760
1500528762265423872
1500537495619977219
1500538067983421445
1500538689079832578
1500538900560809984
1500546761617821699
1500547334609981448
1500558889678516224
1500569589259943942
1500569596100755470
1500569599758192641
1500569601352032256
1500571398510714890
1500574907863863307
1500575194968211457
1500575613102481410
1500576446292520962
1500584465864835073
1500588776309075972
1500594502511251456
1500602539452080129
1500604397826584577
1500604518345711617
1500620847836401664
1500637524695281665
1500642946332258305
1500643406380425220
1500654982663913473
1500723820742811649
1500746124503748610
1500759867467968517
1500779977419153411
1500781564908773379
1500807318329602055
1500818693655351296
1500834432529350657
1500857910154440712
1500860625811087365
1500867474807566340
1500884147568447492
1500901900178403328
1500901913507909641
1500913960274612228
1500922424262598668
1500922428230352904
1500923900628287493
1500932828950896643
1500937138640232460
1500950126713573376
1500953180313640961
1500988988722749447
1500994053759983626
1500996788865716227
1501003645810520064
1501022338669637637
1501032198241386496
1501032379837788161
1501042932895334404
1501045065493676033
1501052614674468864
1501055993580593155
1501059934506844160
1501069093444943874
1501080810694365185
1501084905102618627
1501091808675307522
1501092223336730627
1501099227430236160
1501099451347349504
1501099688732286976
1501119441672847362
1501130889111216131
1501142217469083649
1501170652866355201
1501181299238871043
1501197763324923907
1501217708230475778
1501232919683104776
1501234148492693505
1501234326511312896
1501235097785311235
1501236040220266505
1501238571348467715
1501239039390851079
1501241262317441032
1501243308047314947
1501246502622175234
1501248349273575436
1501248690719232004
1501249723361026048
1501253937294417925
1501255229106536448
1501260768515268608
1501265790175166469
1501273103548051464
1501285654075895809
1501300619981692930
1501314842992467975
1501319187653750791
1501327190855602177
1501336481633169413
1501343670511013889
1501366382256017411
1501368825068994566
1501388012927684609
1501396932622647297
1501407946412109833
1501423330079158273
1501450229664473092
1501457610918273024
1501463810711957505
1501463824456691714
1501463825765257218
1501464412967817219
1501480389919092737
1501482666558095361
1501492750230999040
1501493535404867585
1501508626699239424
1501521634875916289
1501522004377468932
1501525278106992644
1501537286693220353
1501545852715905029
1501549072305786882
1501557794784350210
1501563292652818438
1501573439143956483
1501585526834487300
1501605955611598859
1501605983407251463
1501606038725869568
1501606074784399364
1501606661810802695
1501610172258603008
1501611303470776322
1501611422375202821
1501617129141022727
1501637885245550592
1501638137436647439
1501648894777827331
1501649606794485761
1501650271247777809
1501651228358496257
1501666818007597059
1501678271662112775
1501680044598755330
1501681477632905218
1501707808009506816
1501708381282779137
1501709424758558723
1501710326370344961
1501711028144558087
1501712005853589508
1501713107873406982
1501714582691328000
1501715833516486656
1501717873278005255
1501717875425517575
1501717876956348416
1501717955931176960
1501762054436315136
1501804279753211910
1501839944985292801
1501842568300089344
1501848903783755778
1501862939002814469
1501868030598565892
1501888121658650626
1501931499284615173
1501938212729602057
1501946780669210629
1501960038151303170
1501965870175703040
1501966190851334146
1501978140805058561
1501991343899525133
1501993086976679943
1501994725359988749
1502002028578549766
1502003876991574016
1502004006348075010
1502007246716383244
1502008921497690116
1502018999109967880
1502034441010569221
1502034444642889734
1502037527498264580
1502038699453947909
1502039283053613056
1502041635693207554
1502047051428896772
1502068222266429444
1502070175079796740
1502075098513096704
1502075103751774210
1502075105580515333
1502075110437519360
1502075119274840067
1502075123284672512
1502083023898136578
1502083604632981519
1502091366876205068
1502091368340017160
1502091373863915523
1502095787978739713
1502123523162222596
1502127615070638080
1502146786206511108
1502149775231053836
1502150157437001733
1502150158661816324
1502162960533262347
1502188416498294784
1502201441078886401
1502207619846578178
1502232309613101063
1502249056105598987
1502271157998952451
1502326338518241295
1502326483691327491
1502326747395547138
1502327928654155776
1502331435872661508
1502340845986451456
1502345410274160641
1502353980130795523
1502359274634326017
1502362088752123904
1502374883065532423
1502379748676313091
1502382660081139713
1502385486710595584
1502392379587846150
1502412159967498246
1502432638820265987
1502439738308972552
1502444285035257860
1502444512551084034
1502454549898051587
1502469363558977536
1502481940888186884
1502509690650959872
1502516325461073920
1502529342429040648
1502557636344127490
1502593499702886402
1502609828706983940
1502628010473709577
1502635921769996294
1502656669251158022
1502665016104861702
1502665880945184773
1502666029813616648
1502666174466768900
1502666734658068484
1502667006964862984
1502668937502281736
1502684423837429765
1502688360762155015
1502701496432881666
1502707317590183938
1502707925814591489
1502715283546333186
1502718260843843584
1502721758104674305
1502724971440885762
1502733200442994688
1502737655129202688
1502738266143039490
1502739503701803012
1502739707033272331
1502757664257978376
1502767049130401795
1502772024774737923
1502773682887925760
1502775136906215427
1502779413339033600
1502784638015741955
1502785147917193222
1502796728981938176
1502798706839597056
1502800094893989900
1502827743464988673
1502892629683433472
1502929326073073664
1502943560395485186
1502960938147729413
1502962882669019139
1502984551072772103
1502994342520270848
1502995298771259393
1503002520460972037
1503007325795323915
1503038296481484809
1503062636375719937
1503065319832801285
1503072733206298627
1503075953718833155
1503084024801243139
1503100280157659137
1503114019216904192
1503123777974149126
1503131111781773316
1503131600065896455
1503135112757936130
1503135667299094530
1503137878360133633
1503161325903437824
1503169808703328257
1503177485319557120
1503177490558337030
1503204073918541824
1503229792157638658
1503229935816740866
1503230118000566272
1503230273571663873
1503247931901579266
1503269580113944578
1503271532596015107
1503277095987908609
1503284572032749569
1503287362738024449
1503293054140272640
1503300135350304768
1503304650346446851
1503308270223691778
1503323898821152770
1503325079383519242
1503333010342653956
1503340284893143046
1503347725588262912
1503350118468268033
1503368646877343746
1503369123929411584
1503369497998147589
1503369521918185472
1503382325207437319
1503412047224049668
1503414862239748096
1503415438700601348
1503445601605795840
1503447834288402440
1503452567828934660
1503453975781203973
1503454610433916943
1503469939797151753
1503482431986360321
1503500170536783873
1503500633076338690
1503505679906189314
1503506371387478025
1503519320923844608
1503548993271648256
1503566188248539137
1503604669498609670
1503620771838509058
1503625391575117829
1503667507298590720
1503679801483276288
1503688942771650566
1503696199240634378
1503710009942851586
1503710487996997632
1503713698879348738
1503725410684575746
1503725549461463041
1503727229309788161
1503727349388521473
1503727734693978112
1503729987219771392
1503733337571172355
1503741990588104708
1503745595995045894
1503749848323010578
1503761841704476672
1503782460231983111
1503796364588863489
1503812773272342533
1503833281136979968
1503833362397646850
1503839686959067139
1503860217741819914
1503883744708640776
1503891911861747719
1503898368837394434
1503914874606440451
1503934803305197573
1503937163947577344
1503954460577447939
1503981072945586179
1503990795497623552
1504009556841713667
1504066935025197056
1504074982627975169
1504086281520877571
1504090119048945671
1504092770016899085
1504095458372853763
1504101502629015553
1504108895693848585
1504123888409747458
1504129817171709964
1504145150225825807
1504167751929192457
1504178223105597441
1504178551154688010
1504189234869161992
1504190096748199940
1504196923955286019
1504204105169788928
1504214936234303496
1504214937152892931
1504214937874288640
1504214938599903237
1504226314760466436
1504235879996534787
1504246163192483840
1504249966247751683
1504253861695041543
1504270351710277640
1504353585085272070
1504396043500331012
1504425629864894464
1504427995196502016
1504431875938529280
1504434015368929281
1504446954864054279
1504456343134081025
1504464335632048129
1504465842775412737
1504478692226916358
1504501290721849346
1504502895638892545
1504522409822638088
1504526130459684871
1504535565127008259
1504540911723851789
1504545626490486784
1504546011460485120
1504557641187696658
1504563586324172805
1504569858603855879
1504573734430068742
1504585641996259329
1504603462738325506
1504606773868732420
1504622004514697228
1504648821644562432
1504672069812113409
1504713743309377537
1504721716920082433
1504730871076642860
1504732738380783634
1504738228687065089
1504834590560632839
1504837614179860499
1504842764235997187
1504844329571037187
1504872811550101504
1504876592761380869
1504882524018954244
1504884597498257413
1504894386299043842
1504897874903117825
1504905829819969536
1504916300870696961
1504940470388076545
1504943690200109063
1504947983229636608
1504964115806269441
1504971103470510083
1504989527051587589
1505008421816262659
1505008462656270340
1505025408299077638
1505044332297920516
1505066634989477888
1505075436811952136
1505115528838406146
1505130262778236933
1505131017438638086
1505135909926281216
1505155059646185474
1505159468237340672
1505160103330299904
1505165403324141568
1505174754348740609
1505186648061009927
1505201063531536386
1505205349317550083
1505223756008288256
1505230887994155011
1505239074638110725
1505245485732225028
1505247793996341251
1505248132912795650
1505269350395113474
1505269374323548162
1505276462928052226
1505277962899243009
1505278978550022145
1505286848905564162
1505288688187629570
1505289028723101696
1505295097037918211
1505295606771638273
1505296189813452802
1505301942490341381
1505314274901884930
1505315082070556673
1505317378623561729
1505317383732285441
1505317389516242945
1505322946906054656
1505322948541906944
1505352464454803462
1505390253422821377
1505401776064929792
1505406032314781697
1505421981906317315
1505479652650987520
1505486882955833347
1505516502362951683
1505525783003025409
1505535011436515329
1505550026608578563
1505562100705509376
1505563124568576002
1505569895790043140
1505569898176593920
1505569900517072907
1505620478085730306
1505624176903790604
1505637795242594307
1505654066575204358
1505654118244827136
1505667001003380742
1505672181489057792
1505680642176126977
1505682648894566404
1505684609992134660
1505685847772827650
1505695252757331969
1505700962098421760
1505704474878218240
1505721643984904195
1505756843406069760
1505769482312056832
1505770662803419139
1505770759347576834
1505801685423300610
1505824096524845066
1505824466433060864
1505844588036214790
1505874132252213257
1505902517674291204
1505919621345460226
1505943973810028549
1505947150324310021
1505957049426866177
1505969454324359172
1505970594143215616
1505974895414374403
1505984982103298052
1506005162640302084
1506017796894846985
1506018485935116288
1506031526395351041
1506035437978230787
1506042890769747968
1506070638447923202
1506083412339273739
1506083419557703684
1506083422950891522
1506088142998233096
1506099542714101760
1506127773609259009
1506153675357847552
1506199462565265413
1506243897013510147
1506246149396738050
1506251024079761408
1506255540250460163
1506256451160969218
1506258385070694406
1506266275705675781
1506274221105848328
1506292708964548619
1506296105088262146
1506298019087540224
1506321903530688520
1506355280858202122
1506359976729759748
1506360070900170759
1506362641035452425
1506384513961660416
1506384655162957826
1506385262766702596
1506399744540569606
1506411140477337608
1506416739441168388
1506420918767206406
1506427492411879432
1506431320561532939
1506438947366449156
1506450310503538691
1506460487281750019
1506461330932445188
1506464956614684673
1506495405780963330
1506554461564637187
1506559098648731652
1506559304282918916
1506563979736457224
1506586861573132297
1506606798673002499
1506614431207198720
1506614435993079810
1506614461435686919
1506614474542878723
1506614484789518341
1506614571381006342
1506614580205785098
1506614584895021059
1506621932292165633
1506642080306647040
1506646159821094923
1506648371502759936
1506648372496773121
1506650191415361541
1506663096907096077
1506663209289371660
1506664157336145928
1506675629470765061
1506677579838799877
1506683217742553090
1506691806104281088
1506713589272485895
1506713642426904588
1506716743145766913
1506745428137549827
1506747894040211463
1506752791590670340
1506793262266396673
1506794199026479108
1506806885562949636
1506815313530462209
1506819832351756295
1506821689597857794
1506825682848043009
1506835334918725637
1506841319263678464
1506844026573631492
1506857809958379522
1506861706789769224
1506862050135670786
1506882516065546246
1506907061287854084
1506907920973377536
1506910147830034437
1506932195767816192
1506943506178211847
1506964827570327554
1506983596858527747
1506986764191285251
1506990518085070850
1506997032916979713
1507008335987429389
1507010631668420620
1507032976646934529
1507034903271120896
1507035157127127057
1507040760235175939
1507041278051168261
1507052629012193286
1507052646900850697
1507059148273459203
1507059149997236229
1507059153436561417
1507059170213871621
1507063537390206982
1507065240160129039
1507066107282264066
1507068283899584513
1507068295425495044
1507068313809170433
1507068319631048704
1507070683527983112
1507080655594827776
1507080978942017536
1507086559215960075
1507089065350516748
1507092040617762818
1507096563654569986
1507099791574110208
1507100430647672839
1507105132546297863
1507106819902165001
1507130705339248648
1507141863681060881
1507149352422182912
1507155641487478789
1507157775461548036
1507163846229651457
1507181268496134147
1507192635307438084
1507206596942008326
1507219656175943687
1507233467477618689
1507243257092505602
1507267904961581057
1507275540901904415
1507299290649186305
1507307355914002432
1507329775966203905
1507341428128632835
1507347200778584066
1507349510548242434
1507349657520947201
1507350603210674181
1507356815419490306
1507362359802748929
1507364856898404356
1507397127512678403
1507404495902461955
1507405954194845711
1507414741765046272
1507426844936704000
1507428620339458051
1507433571748831243
1507437706938179584
1507449623631306764
1507469633158213637
1507471341292822536
1507472945878384643
1507478352814301184
1507491819239710729
1507495730751152128
1507497243628212234
1507505742009765891
1507518786429394944
1507518795769819136
1507601286069309444
1507601296831918082
1507601634980888577
1507621038372409346
1507621040477851650
1507635047179902979
1507640243511599105
1507700116559478789
1507720287650992134
1507720738517651459
1507728667933384705
1507730118239608834
1507766852495167490
1507776861274710021
1507779316058370052
1507793231567802369
1507810154976268296
1507810704061042692
1507813192126197765
1507818981322862598
1507828937094840323
1507863621849817092
1507900991613583371
1507923183063740419
1507926291563130880
1507975823290216448
1507984220215513091
1508037168568143873
1508070338718056451
1508075686971559939
1508086469424037893
1508092401428148235
1508109376330080260
1508119005902614536
1508120531735912449
1508128686058344450
1508130618449829900
1508153951346114561
1508154056501571597
1508192122402398211
1508196462966026246
1508206968275623936
1508215143557402625
1508240908533342212
1508269715550269444
1508290240636727304
1508290696934944768
1508345306148384768
1508345982962089987
1508365179708485634
1508373844242931714
1508377301821624322
1508390743228006400
1508422830765051906
1508439272587677703
1508442934768766976
1508461047417606151
1508461810818637824
1508468787057729541
1508471273017405440
1508472850121908224
1508474119502802946
1508474906052218883
1508478859208888323
1508488257184714755
1508495903577063428
1508503584505163776
1508519713420165125
1508526741027008512
1508546900227731461
1508577435289235461
1508583165224435719
1508609808944955392
1508610641933660161
1508643606936043526
1508681702465544192
1508681708333420545
1508681710489190402
1508740802079510536
1508742211793752075
1508772321024253957
1508773416920354826
1508775011590492175
1508776474198818824
1508779023509311488
1508781861643997191
1508785053702234114
1508788844656746499
1508790598416965642
1508808448896557069
1508811633233215499
1508816885915205637
1508829633864732683
1508833732731588612
1508848789779619849
1508865193501208582
1508866507010314240
1508872179106033669
1508874733777047563
1508934178737381384
1508947108744904704
1508955190443089920
1508975168151953410
1508987087885783045
1509011248909733889
1509031352913600517
1509060525212286976
1509076695902715905
1509082234220863489
1509123456696082436
1509130852357349381
1509138180439781378
1509138767105474565
1509145657633914881
1509147558375051268
1509147891239211015
1509148705592643594
1509159074973241347
1509162889831239684
1509162981606707210
1509165102964092943
1509183082028576770
1509183680257961991
1509186111431753734
1509189590770409483
1509196110971158533
1509196112195899394
1509204819843731459
1509207817483436033
1509214149519233029
1509215739080847372
1509237882527039492
1509252239675871237
1509256718076817411
1509272628728524803
1509292894552797192
1509292949628096512
1509294458185080837
1509302278272000006
1509302841369776130
1509304994251517953
1509314727704420356
1509345994776924163
1509354655595347968
1509357207728668678
1509371300531556352
1509379382359760897
1509398213383852033
1509410405969534980
1509414557663510532
1509441432532430851
1509457702258286592
1509457717999841281
1509462421861249025
1509486763760406528
1509489031368871941
1509501076285890560
1509503228504911877
1509513740508663817
1509513742442237954
1509545374628917256
1509579970493956108
1509598724846231557
1509612130655510531
1509619193708171273
1509620360324399111
1509620370302713864
1509647154989707269
1509659129937383434
1509674022631579652
1509677679745720322
1509716894743670790
1509725086672171013
1509727244264292361
1509728802091724800
1509740936372269056
1509786320448622594
1509788812871880716
1509814582994345987
1509815392977539072
1509832143995904002
1509833243457204230
1509842726388338691
1509860294075555842
1509878617400131588
1509893129649930249
1509896460283883526
1509902521061552147
1509903817336311810
1509911859431940105
1509936721777074182
1509956691600814080
1509964659511681029
1509986202417520646
1510006113042894853
1510026679351054338
1510039683392106498
1510043445422956546
1510100309451984899
1510135012892594179
1510163771435663361
1510193224039612419
1510197237623709696
1510200493041229826
1510216889682866177
1510227046374551554
1510246237647294464
1510260763994333190
1510288368260816912
1510298120118325257
1510319980176285699
1510358466011009026
1510385480948363266
1510395487437922315
1510395999302389764
1510396706411597826
1510398567323607041
1510401870967508993
1510405377976053763
1510424558226092035
1510428110726262786
1510434575796817920
1510513503836454917
1510518286886346752
1510553404707426308
1510557220148322309
1510565371048345604
1510577040738631683
1510583534532141058
1510587642785710081
1510604876992106505
1510606874953101321
1510616398703308807
1510619200217309188
1510629990638964744
1510678170290335751
1510685711162384393
1510707456355229700
1510732642718994434
1510765025195085825
1510784492041953281
1510792856914444290
1510806382177669120
1510816466571980800
1510820360723251204
1510834518369787906
1510835966767874050
1510881194866622465
1510885736547254278
1510887622528233476
1510894373571117057
1510931583439626246
1510937135544954880
1510939045689499648
1510950224553918471
1510961372099661824
1510967275691692042
1510970361734701060
1510974076105498630
1510981124171968524
1511008792741552129
1511012873354457094
1511015659093733379
1511016550353965061
1511017029251129344
1511017610762018816
1511018050471878665
1511031503047692289
1511036592353206275
1511041803398660102
1511045108111659008
1511052984255488007
1511056949164478466
1511064634945646595
1511069106560249860
1511071390216110089
1511072833337708548
1511076448940945410
1511085992240889869
1511086711572369410
1511122936404627456
1511140586606284803
1511143607385874434
1511146492840779778
1511146501975998465
1511146505285292032
1511146509173420034
1511148062156242947
1511177012798541825
1511184077378187268
1511206998523711489
1511207001539457024
1511226059370471424
1511232087541665792
1511263306887180288
1511266471946878982
1511281871141085189
1511282266890252290
1511283409989033987
1511283803460882434
1511284341569118212
1511285295949488130
1511289438617407489
1511289855652909060
1511297129943531529
1511305392407654410
1511306871390490639
1511321108313686016
1511321110352216073
1511321115246960645
1511321116786278402
1511325977758076929
1511326095160877064
1511326542252630016
1511339554711683094
1511340109643329544
1511345909568782344
1511351018902142987
1511355391766052865
1511356189447270400
1511359412971216902
1511361261992398852
1511363180685139980
1511385851242197000
1511388207954501634
1511391841010208778
1511414207669059601
1511430783952642052
1511432418523172866
1511433924438028288
1511436814061502464
1511442615622852614
1511444940231954445
1511451670420795395
1511454794590097408
1511464240695201792
1511476936274497541
1511481774987259912
1511482122120355848
1511482518075228166
1511510221830635525
1511513982900781056
1511566394260918274
1511568069520683008
1511577405273616385
1511593017639116804
1511593713801248768
1511594631061987328
1511595311264849924
1511605691605487616
1511629619245506564
1511633448251047936
1511635450427224066
1511641624727724036
1511662597938028548
1511678489094676484
1511688108827459591
1511702664266096646
1511711079449124866
1511711560271507459
1511725940925108225
1511730176434049026
1511731786547560459
1511740279463854081
1511762638979674124
1511763147346137095
1511766306437013505
1511770034950971392
1511776272476774414
1511801165931237376
1511809768637145091
1511810778017402883
1511818196055171074
1511838020005249030
1511874090352603141
1511946526238642179
1511986638200745988
1511997393700630532
1512003907584770051
1512006609576538112
1512012349661716484
1512017947962667010
1512023835914080257
1512027073933905920
1512061068608258048
1512068564072628224
1512070577686663170
1512074997795155975
1512118104716988419
1512134314934390794
1512144859699757071
1512156693819396097
1512160380088623104
1512168158484123648
1512172034528325633
1512182881577275394
1512187405721391112
1512187757459738625
1512192444980412425
1512214395337641988
1512215857396862977
1512270694893170688
1512275725453344792
1512289560708886530
1512322720150609923
1512333406851452928
1512352778911248385
1512369945057071107
1512374337428664322
1512379254759112707
1512406000481013764
1512432560797798404
1512434256190050306
1512436469440425986
1512440724851208195
1512446859549229069
1512452962156630016
1512459980628189187
1512461056940990464
1512481526298320896
1512485675370950662
1512486464889962496
1512497250232066054
1512497460710625290
1512504812654505986
1512521562129317897
1512523908255485952
1512542873866346497
1512545618354655232
1512546705837035520
1512546948959535104
1512548074425626625
1512552383355662337
1512553760215932929
1512579700912140290
1512582810682470405
1512592857848324098
1512627426127679488
1512627528950681601
1512632915838087172
1512635862903037957
1512637487751262214
1512647430549999618
1512650415816335368
1512667818084356096
1512675612796006404
1512676704250175489
1512706134280269824
1512724499757617157
1512736910728380416
1512737895718785027
1512772688506462215
1512774998708023302
1512811327743574016
1512818438556815369
1512819300779896840
1512825683881381888
1512843508150935564
1512846096220925953
1512846643330273292
1512848935634751495
1512862297357635588
1512866701347790849
1512868418655031297
1512885028392419339
1512920476858961920
1512941141112459264
1512943012334432258
1512952721468440577
1512954163046584320
1513054340160061441
1513054933838348290
1513055645716688897
1513071878146994181
1513073462306394113
1513084372659937281
1513085542593880070
1513086006400110601
1513091716852690953
1513095207482499081
1513138666016751619
1513154632108974082
1513220798403723267
1513230162871128068
1513232520770371585
1513252510152241165
1513257181428482049
1513270015876816906
1513274377579601920
1513274987343396876
1513287102074699788
1513296752803483648
1513306707178446849
1513333665807273984
1513349977376006146
1513351347558510593
1513351349349494788
1513357352812318721
1513361716943413253
1513412534988320768
1513415770365214720
1513434098303479808
1513442202298593280
1513444692897447936
1513444863538532353
1513474075196329989
1513498039297744896
1513525587834544129
1513541000530120712
1513547457828999169
1513547459561234437
1513547461234679825
1513547469803634698
1513547471540170759
1513558645761576962
1513568414840856581
1513610850573053953
1513616508991475714
1513617882122719232
1513646889148862466
1513678317265866761
1513694086682849292
1513695442022060035
1513703901136310273
1513728491300487173
1513764045740208128
1513771033136091136
1513791280643547138
1513799042538606592
1513836046034747397
1513840956293869573
1513842887779565575
1513848879967793156
1513856977759313921
1513861763531427845
1513864658880536580
1513874156349267968
1513874233566367745
1513875935887568896
1513892255144230922
1513897295313620994
1513898115845300228
1513912438915321862
1513914100228804609
1513915888080146432
1513941499867811844
1513947707282501640
1513951114479255560
1513951115611680772
1513981813927997441
1513989608647839754
1513989628730101762
1514001040852799488
1514002887973937154
1514003878391517188
1514008414451548169
1514021228738392066
1514027797932609536
1514059701092175874
1514078984639639554
1514081678599221249
1514085795891621891
1514088419021889538
1514092822332379138
1514100987065106433
1514122778017886211
1514125031160389632
1514183164557729803
1514212731834015745
1514236142106943493
1514292048844791811
1514305243953065984
1514324110075207686
1514329151213350912
1514338597595279360
1514342172077617154
1514363297272778754
1514365907992133634
1514385810832850945
1514393520353980416
1514465956407390208
1514489180243509248
1514489568564846594
1514491012126842884
1514509856081805317
1514523825530146820
1514528742043009027
1514556614191292416
1514562038625968129
1514571783856599046
1514580741040001024
1514594704914063361
1514611938860228619
1514630320846426120
1514635791946944512
1514645908658573319
1514668594361257990
1514677054704603136
1514678029724762128
1514691860484304907
1514696946748780546
1514696971113492480
1514698675188076563
1514709033399332870
1514710050702561291
1514730505039933445
1514755472611549190
1514773997208039430
1514853527495000066
1514854227155116033
1514859653158612998
1514868150206091271
1514868152152252416
1514868484563296259
1514877005258534913
1514895731811041286
1514914304427900931
1514967994149048327
1514969257620086792
1514974374767431680
1514981940339908612
1515008638405861378
1515008639647449088
1515010664640749579
1515012282631299074
1515017851341529088
1515056666269532161
1515058558571843591
1515089219760553984
1515089921966452739
1515096302421389315
1515105454384242692
1515105732454060037
1515167921848340482
1515173002324836355
1515190612441845760
1515194989760102400
1515250380074008577
1515270778434068481
1515278972279418885
1515286366522798084
1515320633659338752
1515340550903250944
1515373626920423432
1515387791215108107
1515402206270402562
1515440917175545858
1515445439767592961
1515453763431108610
1515466604636786692
1515467661571813382
1515468299043176448
1515470438129831939
1515485033619857411
1515488445375733764
1515494166595538945
1515500834884243462
1515500841347690497
1515517436984201216
1515535596047200263
1515553453829136388
1515563255422279680
1515584923381362688
1515606058227539970
1515608484536270849
1515614912957059072
1515620393989537793
1515664243454058496
1515673938008891395
1515699605001879556
1515722028845780996
1515726463407902720
1515728397774868483
1515782169205133326
1515794342786617348
1515795154548019216
1515796327275323401
1515796958304210949
1515824637866823684
1515826490285477895
1515836491343171584
1515848832076357633
1515886576865542144
1515896732177285121
1515902489241223174
1515905000236482566
1515941941971947528
1515960421479596032
1515980884994048003
1515988976980660228
1515988999189446658
1516010150121062401
1516026017126969348
1516027493307748352
1516034704092405762
1516046148108263427
1516047706833272833
1516047711216320520
1516085969774120961
1516092545238982662
1516135803902214150
1516158020291551237
1516167491877314565
1516181624949714945
1516221291312857091
1516226679521554432
1516227680789618688
1516241902147833858
1516245807011225602
1516254365597663242
1516259274925649923
1516260608626331651
1516260718315773958
1516290341107863561
1516333391418826754
1516341816555151360
1516342630233350147
1516349938740998146
1516350894237007873
1516352988301852675
1516368820209922049
1516373108755943427
1516379907437203458
1516391066198446083
1516395203158245377
1516402483698016257
1516403408567246848
1516405039102717953
1516406682175389697
1516407031921790979
1516414205431361545
1516417533825454083
1516417858623967248
1516422607507181579
1516446432915566596
1516457768600932358
1516457773684473867
1516457775638921217
1516492123180261376
1516494842557313034
1516507085420306446
1516534391715110915
1516540444620034050
1516541993135972355
1516558891655786502
1516569067427041282
1516569476031868930
1516583448990961675
1516585194794352640
1516604546113740800
1516612319404752901
1516629120502755328
1516637168000659457
1516641239545769986
1516647850976833548
1516677142121435144
1516677601632612352
1516696615779815424
1516714003371753472
1516722887188701184
1516723415545106435
1516732124816371715
1516734692409876480
1516750180762079232
1516785352865951750
1516786999037943811
1516788212676575242
1516807996487131139
1516808014711476230
1516822087440207874
1516822860416831499
1516842036132909058
1516843108738031620
1516843112051535876
1516854977469333504
1516859339738337291
1516863000023642123
1516869960567508998
1516892913732440065
1516893719584120832
1516894325736542209
1516897732367032320
1516898746541379584
1516899455177355264
1516907201667174400
1516910712546758657
1516932780357267457
1516937309312421888
1516944757742010368
1516983950891225088
1516996615810265093
1517002652134957057
1517025677827923968
1517027483971125249
1517036178997919744
1517044098976296961
1517057222060163072
1517062616576892929
1517076770318864384
1517078687421972481
1517086483605123073
1517091330341711872
1517093588341227520
1517105485043937285
1517105653902364672
1517125563072323584
1517127494385688578
1517127838058487808
1517130340812439552
1517142892384456704
1517149130220457986
1517167123294044162
1517181366525317126
1517187073698144256
1517197510778884097
1517201844870815745
1517255043824726016
1517298248943570944
1517299051439411200
1517299905097654272
1517314318748078081
1517316038119108610
1517331808781619200
1517338466538995712
1517357989966934019
1517371670360731648
1517373993874993153
1517378564710363136
1517412787726737408
1517422929893412865
1517468357238349826
1517472425885249539
1517495714095550465
1517497330374565890
1517506507864100864
1517518923649986564
1517523993301078020
1517551866070056960
1517559079153065991
1517559550039236610
1517567909777657856
1517576155489996800
1517583873042964481
1517588963816579072
1517607926969638915
1517615277764378624
1517619665337565188
1517624608882446336
1517634866094829568
1517672606945611776
1517698927637581826
1517702138927136770
1517704839421124610
1517735619996401664
1517751691591962624
1517755939537178624
1517757460232163329
1517762884297805824
1517781787505799175
1517785372159315968
1517785842689126401
1517834775372914694
1517842467285987328
1517861196757716996
1517866703610425349
1517870082147319808
1517870431281328129
1517873664447983616
1517879168805048320
1517880051513057282
1517886184357351432
1517888649194577920
1517901408531529730
1517901416286900224
1517901419302600712
1517924943966572544
1517950098839384070
1517955724579688449
1517976349100879872
1517978178194657280
1517987402932912128
1518001009359945729
1518009923241922560
1518010649166565377
1518015632343588866
1518020740448243713
1518038277856448513
1518055011296727040
1518089563356512256
1518100158676111361
1518141866159800321
1518233170277064704
1518263475591692290
1518270111332937735
1518279941615366144
1518287631762829314
1518292724604153856
1518320664704397312
1518320684996472837
1518320718085337088
1518330653116444672
1518342067172216832
1518367527650447362
1518369864469131264
1518378077448978434
1518379261924716551
1518387438565326849
1518387617007833088
1518417803086290944
1518422568323383297
1518436661658636290
1518491772069896192
1518498314001559552
1518510816181784576
1518527313377636353
1518544722477805568
1518574459002978305
1518578997902422018
1518580279220346880
1518582832800673794
1518584494210617344
1518589494659796992
1518618559563243522
1518622399964532741
1518628056230862849
1518663801205370880
1518665034590609408
1518666561959120898
1518669067275669505
1518671601511940096
1518686171085299713
1518692031534665734
1518693426019061760
1518694631403401217
1518697879342301185
1518697880848056320
1518697882584502277
1518714654582788101
1518760669004316673
1518809009339392000
1518809715207249921
1518810429501448193
1518811806889824256
1518812317462450176
1518823064573825024
1518867909099270146
1518878606344302593
1518888679200153600
1518892064510988288
1518896580983758848
1518919468226863104
1518920324699463684
1518923673436139524
1518940806610141188
1518967114685636608
1518977066225618945
1518982078250975232
1518990547263926274
1518991423751737345
1519004658764820481
1519010663938600960
1519014809974493185
1519017367111614465
1519024118254895104
1519027969829838849
1519028133411835904
1519037327544401926
1519042479420489731
1519046680812802048
1519048737074688003
1519053474423619585
1519075500588687361
1519079553527861248
1519102596123877377
1519147221068918784
1519152125263196162
1519156568763240448
1519168184217227264
1519186147129266177
1519222422670651395
1519229817585033216
1519235674179878913
1519239835399032832
1519243703843495937
1519244611453132800
1519259317836337153
1519270060900106240
1519276979467530241
1519287066336669697
1519302326200250369
1519304161552216064
1519307560981045248
1519318164630228993
1519324701985841152
1519326334396375042
1519339390723633160
1519359460304515072
1519363110519414787
1519367132831797249
1519367271432478730
1519382312370294796
1519390028018946051
1519406026650374144
1519409381615542276
1519418903851638784
1519424251698184192
1519432641338085380
1519433876619288576
1519436730360762369
1519445895707865090
1519451086196596736
1519451325783805959
1519452174966824963
1519453997245083648
1519474193624051713
1519481758890471424
1519502740803751936
1519534458822705154
1519546048888414208
1519560243881013254
1519578552563212289
1519601226375041024
1519603549839241222
1519608113326084096
1519615510198976512
1519620687232741377
1519627277457371137
1519627829087985667
1519647384283881474
1519651766454964226
1519657594906083328
1519667604369117184
1519704170659524609
1519705493140348928
1519706389303672833
1519708550020452354
1519712052247359489
1519714908266508289
1519719027437887488
1519721029060464640
1519722669666672643
1519725543683346432
1519727623324110848
1519730970500513792
1519741671637987332
1519743945915482112
1519751519809196035
1519787549551697927
1519811750165581824
1519822486216581120
1519832273419350016
1519834593511227394
1519837594388819968
1519859302806159360
1519877312824725504
1519934909976088576
1519978107477938176
1519987520376877058
1519988585193218054
1520023923919884290
1520034245858979840
1520056793942175744
1520072596016054273
1520093706031935495
1520128809764229120
1520160211092348929
1520163028615843842
1520167401496666112
1520183133848539136
1520205626886049803
1520214411725905921
1520235190051766273
1520239449485225989
1520252085123510272
1520271599751950336
1520287810145685507
1520294803874975748
1520336555176456192
1520344401507201024
1520369856071184384
1520373683646251010
1520450288095797251
1520452082632900610
683694522941964289
683703028621377537
